20201027-0001_01.csv
[0.294792, 1.019224, 1.694972]
[0.378444, 1.1477, 1.776944]
20201027-0001_02.csv
[0.000212]
[0.066272]
20201027-0001_03.csv
[1.637636]
[1.771344]
20201027-0001_04.csv
[1.727004]
[1.835144]
20201027-0001_05.csv
[]
[]
20201027-0001_06.csv
[0.003024]
[0.115804]
20201027-0001_07.csv
[0.771156]
[0.888516]
20201027-0001_08.csv
[0.613856]
[0.734984]
20201027-0001_09.csv
[]
[]
20201027-0001_10.csv
[]
[]
20201027-0001_11.csv
[0.269208, 1.154656]
[0.445032, 1.274256]
20201027-0001_12.csv
[1.26658, 1.874788]
[1.382936]
20201027-0001_13.csv
[0.246332, 1.394308]
[0.338936, 1.493168]
20201027-0001_14.csv
[0.0, 0.250276, 0.650672, 1.004768, 1.413316, 1.781128]
[4.4e-05, 0.348368, 0.766856, 1.114656, 1.498936, 1.850312]
20201027-0001_15.csv
[]
[]
20201027-0001_16.csv
[0.004996, 0.8323, 1.826776]
[0.000104, 0.971452, 1.921644]
20201027-0001_17.csv
[0.138232, 0.813264, 1.443804]
[0.260216, 0.896828, 1.548572]
20201027-0001_18.csv
[]
[]
20201027-0001_19.csv
[1.667832]
[1.919912]
20201027-0001_20.csv
[1.467772]
[1.607444]
20201027-0001_21.csv
[0.981912]
[1.093736]
20201027-0001_22.csv
[]
[]
20201027-0001_23.csv
[1.90336]
[]
20201027-0001_24.csv
[1.511032]
[0.087388, 1.6317]
20201027-0001_25.csv
[0.000516, 0.972264, 1.852792]
[0.07364, 1.046104, 1.931792]
20201027-0001_26.csv
[0.350284]
[0.447652]
20201027-0001_27.csv
[]
[]
20201027-0001_28.csv
[1.162428]
[1.266324]
20201027-0001_29.csv
[0.553144, 1.266456, 1.7638]
[0.657844, 1.35102, 1.862476]
20201027-0001_30.csv
[0.262708]
[0.366664]
20201027-0001_31.csv
[]
[]
20201027-0001_32.csv
[]
[0.551544]
